52072733371
59041321719
61111167662
52082254916
79031471848
85012568328
54090718774
53072365739
92052755854
94112687417
04231744346
00252578331
67100269854
56111958457
74090452142
80040977496
60080939898
51040597654
67081741767
58061447218
78100326739
60040793199
88050954395
90061279437
01262234592
00211278559
54033175839
50103042573
01210756585
03270498311
08251956352
99101443153
80061877162
54090476595
08230448645
50121495177
89053022289
03261534529
92060176647
82101965769
69011262254
03271016811
56091546282
05300186742
69021446653
78100682185
05272951395
67032673727
06321345178
89061358165
77071791388
60110864266
74050831897
89122529411
66102869567
75020973397
59021669619
56081811493
57100984916
05210917937
52093045347
09321139442
93082729163
91022784449
72060325722
59092945791
05222615599
85122947972
82072314344
98012919483
59052196667
92102338349
76071431313
78082478316
62032787252
07312595462
71110143419
75082254564
97092095191
88042472919
06290169193
52100645247
06212645273
66040682862
07221556286
70030835563
64030339578
65013011292
07251371637
87010599768
96100548926
87063069162
92072797393
84091674463
91030574889
89091211858
04320156861
05250166595
81102919715
73092923195
